日付,区民の検査件数,検査陽性者数の推移,日ごとの感染者数
2020-06-01,66,426,0
2020-06-02,60,429,3
2020-06-03,64,433,4
2020-06-04,56,436,3
2020-06-05,86,441,5
2020-06-06,49,448,7
2020-06-07,7,448,0
2020-06-08,95,448,0
2020-06-09,51,452,4
2020-06-10,50,454,2
2020-06-11,60,455,1
2020-06-12,62,459,4
2020-06-13,28,465,6
2020-06-14,10,465,0
2020-06-15,80,465,0
2020-06-16,66,466,1
2020-06-17,48,469,3
2020-06-18,49,474,5
2020-06-19,45,476,2
2020-06-20,33,479,3
2020-06-21,5,480,1
2020-06-22,64,480,0
2020-06-23,49,484,4
2020-06-24,51,485,1
2020-06-25,45,487,2
2020-06-26,54,492,5
2020-06-27,36,495,3
2020-06-28,7,497,2
2020-06-29,87,497,0
2020-06-30,55,498,1
2020-07-01,75,504,6
2020-07-02,68,509,5
2020-07-03,103,518,9
2020-07-04,55,526,8
2020-07-05,19,529,3
2020-07-06,155,530,1
2020-07-07,132,538,8
2020-07-08,121,554,16
2020-07-09,144,560,6
2020-07-10,164,583,23
2020-07-11,140,607,24
2020-07-12,123,615,8
2020-07-13,198,616,1
2020-07-14,180,624,8
2020-07-15,174,652,28
2020-07-16,176,672,20
2020-07-17,161,690,18
2020-07-18,78,724,34
2020-07-19,28,733,9
2020-07-20,202,736,3
2020-07-21,219,748,12
2020-07-22,216,770,22
2020-07-23,123,802,32
2020-07-24,109,808,6
2020-07-25,119,840,32
2020-07-26,23,853,13
2020-07-27,303,857,4
2020-07-28,194,878,21
2020-07-29,207,925,47
2020-07-30,305,960,35
2020-07-31,277,994,34
2020-08-01,136,1068,74
2020-08-02,26,1087,19
2020-08-03,332,1091,4
2020-08-04,267,1131,40
2020-08-05,236,1168,37
2020-08-06,229,1220,52
2020-08-07,228,1268,48
2020-08-08,101,1337,69
2020-08-09,39,1357,20
2020-08-10,156,1365,8
2020-08-11,280,1370,5
2020-08-12,155,1399,29
2020-08-13,147,1433,34
2020-08-14,155,1456,23
2020-08-15,45,1497,41
2020-08-16,44,1506,9
2020-08-17,239,1509,3
2020-08-18,159,1522,13
2020-08-19,131,1544,22
2020-08-20,143,1561,17
2020-08-21,163,1591,30
2020-08-22,55,1628,37
2020-08-23,16,1638,10
2020-08-24,257,1639,1
2020-08-25,200,1660,21
2020-08-26,195,1681,21
2020-08-27,179,1694,13
2020-08-28,183,1712,18
2020-08-29,71,1742,30
2020-08-30,25,1756,14
2020-08-31,253,1759,3
2020-09-01,228,1781,22
2020-09-02,216,1804,23
2020-09-03,193,1812,8
2020-09-04,182,1836,24
2020-09-05,61,1859,23
2020-09-06,11,1865,6
2020-09-07,258,1867,2
2020-09-08,177,1879,12
2020-09-09,112,1903,24
2020-09-10,153,1928,25
2020-09-11,144,1946,18
2020-09-12,49,1976,30
2020-09-13,18,1983,7
2020-09-14,228,1985,2
2020-09-15,182,1993,8
2020-09-16,141,2008,15
2020-09-17,126,2025,17
2020-09-18,164,2046,21
2020-09-19,64,2069,23
2020-09-20,24,2074,5
2020-09-21,86,2074,0
2020-09-22,51,2083,9
2020-09-23,140,2084,1
2020-09-24,132,2102,18
2020-09-25,145,2122,20
2020-09-26,52,2147,25
2020-09-27,10,2155,8
2020-09-28,208,2160,5
2020-09-29,118,2168,8
2020-09-30,120,2184,16
2020-10-01,129,2199,15
2020-10-02,95,2209,10
2020-10-03,68,2225,16
2020-10-04,26,2239,14
2020-10-05,203,2247,8
2020-10-06,118,2261,14
2020-10-07,112,2272,11
2020-10-08,159,2291,19
2020-10-09,127,2330,39
2020-10-10,41,2340,10
2020-10-11,13,2348,8
2020-10-12,193,2359,11
2020-10-13,135,2374,15
2020-10-14,118,2407,33
2020-10-15,178,2427,20
2020-10-16,106,2447,20
2020-10-17,47,2456,9
2020-10-18,12,2467,11
2020-10-19,197,2471,4
2020-10-20,102,2478,7
2020-10-21,100,2499,21
2020-10-22,122,2520,21
2020-10-23,128,2544,24
2020-10-24,57,2566,22
2020-10-25,10,2579,13
2020-10-26,184,2586,7
2020-10-27,130,2593,7
2020-10-28,103,2610,17
2020-10-29,191,2623,13
2020-10-30,102,2641,18
2020-10-31,59,2651,10
2020-11-01,10,2666,15
2020-11-02,138,2673,7
2020-11-03,95,2693,20
2020-11-04,129,2696,3
2020-11-05,131,2714,18
2020-11-06,106,2739,25
2020-11-07,50,2760,21
2020-11-08,11,2778,18
2020-11-09,204,2798,20
2020-11-10,160,2812,14
2020-11-11,150,2837,25
2020-11-12,124,2879,42
2020-11-13,132,2917,38
2020-11-14,67,2944,27
2020-11-15,21,2961,17
2020-11-16,204,2976,15
2020-11-17,197,2996,20
2020-11-18,132,3053,57
2020-11-19,174,3087,34
2020-11-20,184,3132,45
2020-11-21,69,3161,29
2020-11-22,28,3183,22
2020-11-23,123,3210,27
2020-11-24,179,3224,14
2020-11-25,134,3253,29
2020-11-26,172,3289,36
2020-11-27,160,3322,33
2020-11-28,73,3371,49
2020-11-29,23,3398,27
2020-11-30,201,3404,6
2020-12-01,165,3421,17
2020-12-02,178,3450,29
2020-12-03,160,3490,40
2020-12-04,190,3519,29
2020-12-05,44,3554,35
2020-12-06,25,3584,30
2020-12-07,226,3609,25
2020-12-08,152,3650,41
2020-12-09,157,3692,42
2020-12-10,162,3730,38
2020-12-11,182,3789,59
2020-12-12,66,3846,57
2020-12-13,25,3869,23
2020-12-14,240,3898,29
2020-12-15,237,3939,41
2020-12-16,196,3994,55
2020-12-17,176,4050,56
2020-12-18,213,4105,55
2020-12-19,79,4174,69
2020-12-20,17,4203,29
2020-12-21,263,4232,29
2020-12-22,267,4272,40
2020-12-23,242,4354,82
2020-12-24,238,4429,75
2020-12-25,259,4523,94
2020-12-26,119,4660,137
2020-12-27,34,4705,45
2020-12-28,278,4714,9
2020-12-29,198,4862,148
2020-12-30,225,4924,62
2020-12-31,86,4953,29
2021-01-01,52,5108,155
2021-01-02,136,5179,71
2021-01-03,110,5252,73
2021-01-04,325,5263,11
2021-01-05,306,5378,115
2021-01-06,278,5486,108
2021-01-07,346,5934,448
2021-01-08,292,6098,164
2021-01-09,111,6307,209
2021-01-10,42,6377,70
2021-01-11,128,6415,38
2021-01-12,308,6551,136
2021-01-13,268,6617,66
2021-01-14,281,6730,113
2021-01-15,242,6861,131
2021-01-16,94,6958,97
2021-01-17,22,7053,95
2021-01-18,290,7123,70
2021-01-19,245,7198,75
2021-01-20,232,7302,104
2021-01-21,204,7409,107
2021-01-22,170,7472,63
2021-01-23,65,7535,63
2021-01-24,8,7573,38
2021-01-25,235,7595,22
2021-01-26,127,7637,42
2021-01-27,117,7702,65
2021-01-28,126,7751,49
2021-01-29,218,7800,49
2021-01-30,91,7838,38
2021-01-31,35,7882,44
2021-02-01,262,7893,11
2021-02-02,186,7949,56
2021-02-03,203,8032,83
2021-02-04,174,8090,58
2021-02-05,146,8156,66
2021-02-06,68,8187,31
2021-02-07,12,8211,24
2021-02-08,167,8226,15
2021-02-09,94,8248,22
2021-02-10,112,8280,32
2021-02-11,28,8302,22
2021-02-12,139,8318,16
2021-02-13,63,8337,19
2021-02-14,23,8350,13
2021-02-15,161,8362,12
2021-02-16,112,8390,28
2021-02-17,97,8413,23
2021-02-18,95,8443,30
2021-02-19,142,8456,13
2021-02-20,63,8462,6
2021-02-21,18,8473,11
2021-02-22,158,8485,12
2021-02-23,31,8508,23
2021-02-24,109,8519,11
2021-02-25,115,8532,13
2021-02-26,114,8547,15
2021-02-27,53,8562,15
2021-02-28,19,8571,9
2021-03-01,204,8576,5
2021-03-02,115,8600,24
2021-03-03,98,8614,14
2021-03-04,123,8633,19
2021-03-05,111,8650,17
2021-03-06,46,8668,18
2021-03-07,22,8675,7
2021-03-08,149,8687,12
2021-03-09,109,8707,20
2021-03-10,98,8724,17
2021-03-11,127,8741,17
2021-03-12,107,8757,16
2021-03-13,43,8773,16
2021-03-14,22,8777,4
2021-03-15,153,8790,13
2021-03-16,56,8804,14
2021-03-17,112,8815,11
2021-03-18,152,8827,12
2021-03-19,199,8849,22
2021-03-20,20,8882,33
2021-03-21,22,8893,11
2021-03-22,245,8904,11
2021-03-23,152,8929,25
2021-03-24,123,8958,29
2021-03-25,149,8972,14
2021-03-26,144,8997,25
2021-03-27,73,9023,26
2021-03-28,26,9035,12
2021-03-29,206,9039,4
2021-03-30,123,9064,25
2021-03-31,139,9090,26
2021-04-01,102,9113,23
2021-04-02,142,9142,29
2021-04-03,58,9167,25
2021-04-04,26,9189,22
2021-04-05,229,9210,21
2021-04-06,144,9242,32
2021-04-07,166,9277,35
2021-04-08,138,9305,28
2021-04-09,171,9341,36
2021-04-10,60,9385,44
2021-04-11,31,9412,27
2021-04-12,255,9428,16
2021-04-13,163,9471,43
2021-04-14,193,9521,50
2021-04-15,163,9567,46
2021-04-16,146,9610,43
2021-04-17,67,9662,52
2021-04-18,23,9693,31
2021-04-19,270,9724,31
2021-04-20,167,9793,69
2021-04-21,217,9862,69
2021-04-22,178,9924,62
2021-04-23,214,9997,73
2021-04-24,70,10062,65
2021-04-25,15,10104,42
2021-04-26,258,10143,39
2021-04-27,199,10221,78
2021-04-28,206,10303,82
2021-04-29,120,11366,63
2021-04-30,316,10442,76
2021-05-01,67,10538,96
2021-05-02,26,10600,62
2021-05-03,270,10648,48
2021-05-04,149,10707,59
2021-05-05,143,10766,59
2021-05-06,272,10812,46
2021-05-07,255,10882,70
2021-05-08,75,10964,82
2021-05-09,25,11001,37
2021-05-10,307,11036,35
2021-05-11,234,11108,72
2021-05-12,191,11187,79
2021-05-13,174,11247,60
2021-05-14,254,11318,71
2021-05-15,74,11376,58
2021-05-16,20,11404,28
2021-05-17,302,11437,33
2021-05-18,232,11502,65
2021-05-19,212,11565,63
2021-05-20,198,11624,59
2021-05-21,202,11674,50
2021-05-22,66,11719,45
2021-05-23,25,11738,19
2021-05-24,227,11759,21
2021-05-25,212,11817,58
2021-05-26,203,11877,60
2021-05-27,169,11916,39
2021-05-28,147,11956,40
2021-05-29,49,11994,38
2021-05-30,21,12020,26
2021-05-31,241,12044,24
2021-06-01,177,12094,50
2021-06-02,137,12133,39
2021-06-03,140,12177,44
2021-06-04,138,12217,40
2021-06-05,60,12257,40
2021-06-06,18,12278,21
2021-06-07,243,12301,23
2021-06-08,179,12336,35
2021-06-09,143,12364,28
2021-06-10,105,12392,28
2021-06-11,171,12424,32
2021-06-12,47,12454,30
2021-06-13,23,12473,19
2021-06-14,244,12487,14
2021-06-15,123,12527,40
2021-06-16,125,12555,28
2021-06-17,135,12588,33
2021-06-18,112,12617,29
2021-06-19,67,12654,37
2021-06-20,23,12684,30
2021-06-21,227,12705,21
2021-06-22,92,12765,60
2021-06-23,111,12796,31
2021-06-24,113,12839,43
2021-06-25,167,12875,36
2021-06-26,57,12906,31
2021-06-27,19,12925,19
2021-06-28,230,12947,22
2021-06-29,140,13001,54
2021-06-30,155,13046,45
2021-07-01,120,13082,36
2021-07-02,162,13136,54
2021-07-03,53,13190,54
2021-07-04,22,13215,25
2021-07-05,199,13246,31
2021-07-06,151,13310,64
2021-07-07,159,13375,65
2021-07-08,217,13427,52
2021-07-09,186,13502,75
2021-07-10,68,13569,67
2021-07-11,21,13607,38
2021-07-12,263,13653,46
2021-07-13,226,13762,109
2021-07-14,173,13877,115
2021-07-15,176,13966,89
2021-07-16,229,14083,117
2021-07-17,69,14198,115
2021-07-18,31,14267,69
2021-07-19,168,14350,83
2021-07-20,209,14476,126
2021-07-21,301,14625,149
2021-07-22,312,14765,140
2021-07-23,216,14874,109
2021-07-24,103,15013,139
2021-07-25,40,15166,153
2021-07-26,324,15365,199
2021-07-27,289,15619,254
2021-07-28,297,15916,297
2021-07-29,285,16273,357
2021-07-30,322,16567,294
2021-07-31,112,16790,223
2021-08-01,43,17031,241
2021-08-02,439,17292,261
2021-08-03,332,17593,301
2021-08-04,294,17922,329
2021-08-05,314,18262,340
2021-08-06,295,18574,312
2021-08-07,137,18959,385
2021-08-08,49,19294,335
2021-08-09,348,19554,260
2021-08-10,441,19818,264
2021-08-11,354,20182,364
2021-08-12,302,20558,376
2021-08-13,314,21041,483
2021-08-14,123,21484,443
2021-08-15,36,21816,332
2021-08-16,593,22056,240
2021-08-17,381,22400,344
2021-08-18,324,22822,422
2021-08-19,383,23241,419
2021-08-20,259,23593,352
2021-08-21,149,23992,399
2021-08-22,32,24207,215
2021-08-23,437,24444,237
2021-08-24,432,24725,281
2021-08-25,294,25065,340
2021-08-26,330,25411,346
2021-08-27,203,25711,300
2021-08-28,124,25938,227
2021-08-29,36,26109,171
2021-08-30,347,26269,160
2021-08-31,229,26492,223
2021-09-01,251,26684,192
2021-09-02,175,26861,177
2021-09-03,205,26984,123
2021-09-04,57,27134,150
2021-09-05,25,27188,54
2021-09-06,185,27262,74
2021-09-07,157,27379,117
2021-09-08,132,27512,133
2021-09-09,234,27593,81
2021-09-10,132,27671,78
2021-09-11,50,27760,89
2021-09-12,21,27785,25
2021-09-13,173,27827,42
2021-09-14,138,27905,78
2021-09-15,118,27958,53
2021-09-16,83,28012,54
2021-09-17,100,28059,47
2021-09-18,45,28097,38
2021-09-19,21,28106,9
2021-09-20,18,28116,10
2021-09-21,115,28131,15
2021-09-22,116,28166,35
2021-09-23,18,28185,19
2021-09-24,115,28200,15
2021-09-25,37,28215,15
2021-09-26,13,28222,7
2021-09-27,84,28229,7
2021-09-28,52,28238,9
2021-09-29,55,28250,12
2021-09-30,86,28264,14
2021-10-01,60,28281,17
2021-10-02,25,28289,8
2021-10-03,10,28299,10
2021-10-04,96,28303,4
2021-10-05,59,28309,6
2021-10-06,67,28314,5
2021-10-07,71,28315,1
2021-10-08,78,28319,4
2021-10-09,38,28322,3
2021-10-10,21,28323,1
2021-10-11,75,28326,3
2021-10-12,100,28327,1
2021-10-13,92,28331,4
2021-10-14,56,28334,3
2021-10-15,59,28337,3
2021-10-16,36,28343,6
2021-10-17,12,28345,2
2021-10-18,89,28345,0
2021-10-19,72,28348,3
2021-10-20,60,28348,0
2021-10-21,57,28351,3
2021-10-22,47,28352,1
2021-10-23,20,28353,1
2021-10-24,20,28353,0
2021-10-25,76,28356,3
2021-10-26,58,28358,2
2021-10-27,55,28363,5
2021-10-28,46,28363,0
2021-10-29,51,28365,2
2021-10-30,32,28367,2
2021-10-31,21,28369,2
2021-11-01,91,28370,1
2021-11-02,45,28371,1
2021-11-03,24,28372,1
2021-11-04,98,28373,1
2021-11-05,66,28374,1
2021-11-06,23,28376,2
2021-11-07,19,28376,0
2021-11-08,64,28377,1
2021-11-09,49,28379,2
2021-11-10,62,28381,2
2021-11-11,68,28383,2
2021-11-12,55,28384,1
2021-11-13,24,28386,2
2021-11-14,12,28388,2
2021-11-15,86,28392,4
2021-11-16,69,28394,2
2021-11-17,62,28399,5
2021-11-18,63,28400,1
2021-11-19,65,28401,1
2021-11-20,23,28401,0
2021-11-21,20,28405,4
2021-11-22,56,28407,2
2021-11-23,25,28407,0
2021-11-24,62,28411,4
2021-11-25,49,28413,2
2021-11-26,62,28416,3
2021-11-27,29,28416,0
2021-11-28,11,28417,1
2021-11-29,65,28418,1
2021-11-30,40,28420,2
2021-12-01,66,28420,0
2021-12-02,64,28421,1
2021-12-03,57,28424,3
2021-12-04,20,28424,0
2021-12-05,18,28424,0
2021-12-06,70,28424,0
2021-12-07,45,28427,3
2021-12-08,63,28428,1
2021-12-09,59,28431,3
2021-12-10,60,28436,5
2021-12-11,29,28438,2
2021-12-12,11,28442,4
2021-12-13,68,28443,1
2021-12-14,42,28446,3
2021-12-15,134,28453,7
2021-12-16,91,28457,4
2021-12-17,68,28465,8
2021-12-18,31,28473,8
2021-12-19,14,28473,0
2021-12-20,136,28478,5
2021-12-21,69,28486,8
2021-12-22,111,28492,6
2021-12-23,61,28494,2
2021-12-24,114,28496,2
2021-12-25,35,28501,5
2021-12-26,16,28503,2
2021-12-27,218,28505,2
2021-12-28,105,28517,12
2021-12-29,74,28532,15
2021-12-30,26,28537,5
2021-12-31,87,28546,9
2022-01-01,19,28553,7
2022-01-02,43,28560,7
2022-01-03,85,28580,20
2022-01-04,114,28604,24
2022-01-05,109,28652,48
2022-01-06,,28714,62
